1000
14
88
87
17
79
44
26
55
87
11
37
98
45
47
85
91
44
42
95
70
42
17
34
27
28
28
41
50
0
70
20
0
73
75
17
96
1
18
76
75
73
18
80
47
14
96
11
28
57
80
44
79
37
63
77
26
6
0
55
78
14
71
26
84
48
58
61
47
52
20
70
12
19
95
59
96
77
54
27
14
12
94
71
5
47
73
69
78
47
11
95
2
86
58
61
5
38
33
37
56
98
86
17
7
20
54
77
4
88
38
28
32
0
60
75
47
68
35
16
18
79
8
47
26
96
51
48
99
46
99
7
30
92
73
27
90
41
60
59
11
94
5
78
83
17
32
91
79
81
12
75
35
70
37
83
25
39
47
37
17
65
32
99
84
8
32
35
9
77
58
29
62
74
98
77
50
64
92
28
61
0
0
25
30
38
13
28
19
37
67
90
82
32
87
36
7
25
29
15
62
96
34
96
8
47
70
35
41
4
35
42
3
21
94
70
17
59
28
8
77
66
26
19
7
8
70
32
10
62
90
14
0
78
42
24
14
22
15
3
58
75
13
19
4
39
51
44
36
12
75
10
7
65
43
26
88
73
87
56
95
73
58
71
17
2
7
47
59
28
63
91
4
0
48
33
46
57
53
11
19
49
32
96
55
71
59
23
76
22
30
90
12
29
85
40
61
26
71
80
32
98
24
19
80
83
28
72
56
42
65
11
11
56
47
73
43
35
59
61
60
64
12
35
32
29
90
35
40
16
68
35
17
80
76
84
90
34
59
15
10
66
49
11
90
85
71
62
7
98
45
24
83
22
4
63
94
41
65
46
67
32
60
52
4
90
89
76
26
60
81
68
71
51
64
29
42
60
24
13
83
60
64
67
18
48
48
67
44
86
98
62
74
36
46
93
28
79
10
13
0
18
51
31
86
63
26
77
3
54
15
80
81
62
68
60
99
52
56
90
40
68
87
44
33
84
82
42
89
2
65
86
31
79
30
31
15
68
34
25
27
60
17
3
25
42
25
64
58
75
70
89
95
4
48
80
98
36
29
74
39
61
21
40
35
95
55
70
99
62
11
27
99
27
12
71
33
75
39
62
92
2
30
33
65
89
23
85
19
41
5
68
59
24
20
91
41
80
92
77
86
85
60
20
25
66
46
42
36
67
68
35
69
22
75
57
95
67
83
96
39
37
60
51
0
84
11
27
95
11
73
29
40
87
29
0
45
4
79
41
97
44
26
59
65
93
96
57
78
28
17
12
7
25
73
78
37
96
53
16
83
63
27
93
16
81
30
16
82
27
19
53
32
12
87
43
42
83
40
59
32
15
22
8
85
11
25
85
68
36
85
42
92
96
59
97
54
37
20
55
73
90
31
63
60
62
56
23
23
0
38
52
78
16
56
40
64
87
53
81
51
25
96
55
34
5
4
49
22
82
69
32
35
40
50
15
47
99
54
56
65
25
53
1
66
42
33
25
0
70
81
26
77
85
40
8
22
5
95
71
16
14
81
13
67
48
93
75
66
51
67
15
60
63
89
27
40
61
46
91
38
5
17
11
69
52
63
54
80
49
23
89
63
98
52
94
15
42
49
82
92
0
93
40
60
53
63
24
4
84
53
95
48
7
70
53
73
21
40
20
25
2
35
59
55
53
16
54
35
1
40
17
88
25
51
89
50
60
89
44
29
2
4
3
98
59
39
97
33
41
19
99
96
11
32
17
15
72
24
78
13
6
21
64
24
92
91
2
15
21
16
54
13
81
15
54
13
11
69
16
50
39
21
72
55
84
66
70
18
8
35
13
15
13
58
85
35
74
10
53
59
30
69
49
6
94
60
24
13
36
23
43
27
76
43
50
70
87
13
2
51
81
80
92
56
86
88
83
84
67
43
46
70
44
22
11
7
16
9
71
46
3
98
64
89
96
57
89
93
97
22
43
53
27
18
14
94
45
41
73
97
22
38
1
37
26
36
55
45
38
10
65
35
27
23
36
96
37
91
53
75
86
36
76
17
31
73
52
48
90
34
24
19
40
8
46
1
19
88
31
78
59
33
48
69
31
61
9
46
12
3
66
37
29
81
33
39
22
31
9
86
57
21
29
83
43
73
30
55
39
98
98
36
67
31
27
41
54
95
61
21
43
33
12
47
84
82
81
58
9
10
26
23
71
49
8
66
45
72
65
40
56
78
13
42
3
74
78
48
59
24
4
7
87
25
46
43
54
94
31
29
29
78
85
81
44
61
49
50
74
61
35
55
83
35
73
37
74
9
23
1